,100,120,140,160,180,200,220,240,260,280,300,320,340,360,380
15,0.9495,0.952,0.9515,0.956,0.9545,0.9545,0.95,0.961,0.9545,0.962,0.958,0.9605,0.9605,0.959,0.9525
25,0.953,0.953,0.961,0.953,0.9535,0.957,0.961,0.953,0.956,0.956,0.961,0.9555,0.962,0.9605,0.9555
35,0.952,0.9545,0.9595,0.959,0.9615,0.9505,0.956,0.9605,0.9615,0.9585,0.9535,0.9565,0.9585,0.957,0.9615
45,0.957,0.955,0.957,0.961,0.958,0.9605,0.9525,0.959,0.9635,0.9635,0.9575,0.96,0.9605,0.9595,0.957
55,0.958,0.955,0.9545,0.956,0.962,0.96,0.9615,0.96,0.9585,0.9605,0.9605,0.9595,0.9585,0.958,0.9625
65,0.9575,0.9525,0.9605,0.958,0.9565,0.9545,0.9635,0.958,0.96,0.956,0.961,0.9615,0.954,0.964,0.957
75,0.956,0.962,0.959,0.959,0.958,0.954,0.953,0.9605,0.958,0.962,0.962,0.961,0.9585,0.9625,0.956
85,0.9555,0.9565,0.9565,0.956,0.957,0.9525,0.96,0.9605,0.964,0.959,0.962,0.9605,0.962,0.965,0.9555
95,0.9545,0.9595,0.9555,0.956,0.955,0.956,0.9575,0.957,0.963,0.9595,0.958,0.9585,0.96,0.9565,0.958
